821
238
7959
9398
9064
1060
5437
3096
6732
6179
6112
346
6240
6553
2083
2930
6668
4263
2546
6060
8825
9557
1689
7475
752
4066
2915
7610
2682
2120
3924
9854
2357
8234
9251
7772
9293
1040
868
2377
7218
3331
9074
3457
9883
1156
2739
6550
1771
1636
8961
6947
7544
7001
4421
8295
1066
3687
2256
99
5806
6179
6304
8162
765
5555
2286
57
2946
3153
8785
163
6483
7859
9972
2717
5366
9062
5619
7136
697
4579
4082
8240
1580
8502
2887
2645
2188
1494
2744
4345
4025
9047
8859
4789
953
1144
1197
250
648
6334
413
3482
4192
6736
6198
5909
2149
8168
3045
2845
2747
7126
7436
678
1980
6674
3322
519
8168
2417
1216
2192
7816
74
3332
5120
7569
4528
5370
8216
861
2134
8049
1404
5221
4246
7313
7369
8766
6709
6565
1512
186
4000
2189
2165
674
1862
9036
5193
631
251
7384
4798
6676
7067
6269
4244
1594
1638
8811
8807
123
6859
6562
5343
7456
226
2711
6221
6934
5627
7732
7120
9627
6272
5636
6652
4486
4671
1844
1468
1273
5579
6265
7948
2645
2533
8543
590
523
7353
5748
645
4211
2310
2340
1667
8887
1402
7887
5821
7029
1971
2940
6655
4594
4927
9658
9079
5950
1501
546
7222
7079
3162
1522
9723
2047
64
6664
2569
7417
2412
9565
7979
1073
1904
9645
9959
3306
3884
5779
334
5854
5070
3340
6799
6349
2997
5878
2298
4497
2775
9519
1575
2289
1040
7649
4335
7456
4312
6903
4872
3075
6467
2850
4147
4723
8847
4106
8028
2730
6236
8361
4935
7658
1700
1733
4006
4696
3962
6303
5544
3089
2173
3470
5377
3213
1118
6063
7020
1781
9317
8243
1208
2135
7444
5354
6857
6290
5811
4884
5371
8399
3244
6657
6056
1295
8390
6413
2342
8703
2715
4237
8143
4887
7706
3519
4451
5175
5933
1470
3308
5249
9712
4515
7384
7156
6220
4240
9797
2031
9124
5168
429
8719
8176
2836
6366
2917
9248
5059
1620
1962
9296
9762
3200
7001
9633
4003
8528
1917
1824
1835
7166
1536
2701
901
5043
8920
5140
1191
950
615
6358
7730
5686
4534
6917
2051
3802
6164
3461
5421
4477
2756
1535
4029
6109
7519
8031
4636
9435
9854
2822
6600
7741
5522
7500
9135
793
8992
326
8095
9606
3035
5824
1643
3920
2741
3693
7722
5256
7154
3142
9733
6261
1028
3761
8721
8546
1791
3356
7981
7996
2529
932
5737
4402
4784
4871
5195
127
5196
3289
6084
4583
5464
7727
8502
8204
1419
6223
3460
4924
5717
9544
7537
6744
3304
6257
1642
1446
5965
5974
9441
4845
6905
1529
9247
8040
2752
4441
8166
7947
4081
4250
2529
9544
1976
7383
4100
9746
3605
3911
1022
9321
3454
4910
2417
3109
7518
4058
4554
3482
31
346
4679
3287
1875
3925
1327
4626
4717
5844
8924
8797
6445
7805
4692
4772
5187
8791
870
5143
9053
8243
4464
2506
3152
6880
1966
7021
937
2871
503
7319
3217
5181
605
1443
5457
8283
2420
6525
479
7695
5321
6923
1851
6364
8047
3389
1507
8916
8532
559
3510
2995
3065
3013
6226
5030
33
3514
7901
6887
7184
7469
8419
7788
5263
3875
6071
4034
399
2901
1728
2071
9823
3579
8435
4221
6967
9941
9488
1850
499
2997
1196
9915
6009
7421
1297
6042
7286
5549
9280
4469
9369
7699
8609
4631
1573
1031
8664
8324
3931
6743
394
105
321
5180
4326
3640
1472
3813
5489
8323
3162
6685
8237
9170
457
5885
1563
4095
1433
843
8563
7153
8541
7171
1783
6465
4553
6798
4788
8483
3541
1534
8588
213
6713
9265
3852
8185
3077
5693
2859
6238
8729
1095
1760
9185
3332
9674
9631
1116
6868
8194
8269
5408
1716
51
8225
6269
6849
3012
1103
6741
4545
6042
6953
7610
5306
7157
2146
4735
9201
5004
7324
7929
2450
9083
3465
5781
5109
3096
6897
1976
7641
5165
7384
5708
1567
5608
8328
4767
4971
9431
7859
5868
5472
4812
3477
7130
8320
5622
1864
7520
6977
9187
5448
9426
4622
5264
1559
9730
8359
4807
1705
2351
6323
5440
8059
4241
7399
6386
9008
2370
2168
6866
8237
3992
8029
8065
1121
6348
38
2984
219
7014
2170
2018
2791
6791
7282
701
2872
1992
1859
4577
695
8181
16
8753
2422
7415
1490
7781
6136
3658
998
724
7649
5379
8788
8769
8078
5177
8104
8297
8542
273
6666
1332
3416
3947
8385
6287
2291
243
7215
2985
4776
7231
8089
7197
997
9578
1329
7132
9587
2326
7855
7235
4056
2994
2355
2134
8170
458
6782
6711
7083
3447
4394
498
3746
2778
3136
6036
9373
351
5372
4148
3933
3460
7696
4929
9389
9024
8412
8976
7701
2618
6210
1757
5611
4917
242
3780
5374
7023
490
2456
469
4883
9305
4214
4013
8793
249
3385
5495
1972
3884
9427
1783
1579
707
1172
602
5470
147
4654
8087
2708
6410
3697
3976
6651
3828
9350
25
4317
8157
494
5551
3814
4707
9563
2606
1308
9299
8100
3279
3182
3878
1414
4760
936
2585
1713
6405
9083
6367
843
8142
9128
4539
2118
2131
8366
7819
2155
9034
2327
2648
4584
6140
3707
499
8745
1366
6149
3196
4644
9331
7073
2409
442
4360
4993
8507
7116
427
4873
7958
4921
352
8848
3390
2482
3565
1208
989
2598
3534
9988
3534
9674
3694
4032
4770
5059
6532
7966
6055
5862
1390
8463
2656
2102
9808
1162
9217
6586
2386
3527
1506
2737
2374
1247
1571
5939
8806
2559
4888
2340
2546
8421
8365
2592
8804
9486
4002
5336
3803
6408
7549
1545
1223
204
3646
7382
1365
2862
3967
3750
2740
1825
2839
5114
3071
4409
1052
8229
3319
2291
6920
2216
712
1636
4807
9515
1121
5161
1202
4924
1568
8751
6468
2790
5306
6465
6523
3023
5678
490
6772
8418
8666
5962
3531
8088
370
934
6316
3688
3224
3235
5904
287
4870
7062
6154
2343
2222
7355
7266
142
2457
85
9283
7763
